Maximo,25,M
Stud,23,F